1.327451150393247625e-01
1.960778481005173435e-01
9.983725753757211052e-02
3.871943314831391980e-01
2.826119719323207380e-01
2.195646203057962376e-01
3.332461035722044107e-01
3.857108868766249699e-01
3.483882591401754047e-01
3.251622020684676873e-01
3.516799827728313010e-01
2.811211701413189878e-01
1.427736153974818456e-01
1.019531751738055880e-01
5.728695892772496523e-02
1.596741257222170640e-01
1.053281301106706869e-01
1.784695307766236416e-01
3.484092355863690482e-01
2.290336377301301907e-01
2.542926728695651950e-01
2.793474300153005463e-01
2.008032475268552997e-01
3.790555609043146923e-01
3.874309642428038769e-01
2.650050589770049925e-01
2.603482703321592373e-01
1.215257817632418857e-01
1.314006112260657222e-01
5.563264663142415689e-02
8.694416140201255416e-02
5.727354620837065563e-02
1.577986538602430266e-01
5.322559144673352782e-02
3.333572212765731901e-01
2.534080152840841871e-01
3.915102309891870802e-01
3.835924003060273701e-01
3.806175804736100510e-01
2.309168258801179152e-01
2.344548283772272257e-01
3.880758011197179003e-01
2.951906427098940355e-01
5.218710776851651079e-02
4.527470953968723566e-02
7.587134432482438295e-02
1.224960531438605837e-01
7.913214565019052738e-02
7.268537638288680158e-02
1.552026603575021313e-01
2.467632940257911134e-01
3.150659526793014309e-01
3.335661476342963727e-01
2.856376458884770653e-01
2.844705493442460376e-01
2.941405985783037691e-01
3.091138165443706454e-01
3.964359245767749007e-01
2.443959256649762546e-01
1.235833189649541419e-01
1.260871993847175743e-01
1.514990568857780273e-01
1.149384835984806619e-01
1.240612898838871492e-01
5.184430046151362881e-02
3.477646591838976509e-01
2.759174531850044909e-01
3.941270531139984268e-01
3.683281847499408901e-01
3.051482923107486922e-01
3.274873119135260913e-01
3.411518149879102513e-01
3.094090027146654265e-01
3.985313129502509044e-01
1.623305054844348949e-01
9.010710715557224137e-02
1.372830641527384987e-01
9.037236132406903377e-02
1.322838880682041252e-01
1.946971182452065796e-01
1.670973640633089397e-01
3.766553695792345113e-01
3.419297520868345153e-01
3.619809771380374519e-01
2.880325785976246555e-01
2.263846590459522856e-01
2.864965372616274930e-01
2.380344807935740326e-01
3.935507814167899521e-01
2.737393751432875000e-01
1.031716820307070348e-01
1.657978715883647036e-01
5.293218803316396270e-02
1.024046927509432436e-01
1.204252412448663934e-01
1.302224576171878423e-01
2.887910911993494811e-01
2.463321734663838913e-01
2.876184651678299620e-01
3.156482273691854634e-01
3.675275765578814302e-01
3.735883285235241380e-01
3.377077886570210019e-01
2.514395787795105641e-01
2.778928587247055382e-01
1.462428151602705728e-01
8.227128827520263643e-02
5.942764458280413303e-02
9.382915921749390709e-02
1.664593922936257187e-01
8.120872195085297729e-02
2.124037447305933690e-01
2.018605425849537283e-01
3.943704096871720188e-01
3.385992154895358652e-01
3.172359195585870983e-01
3.394469254744770792e-01
3.876277111226929528e-01
2.966782719048178252e-01
3.378159167336540758e-01
1.193823800265681190e-01
7.636454874022038930e-02
1.079192116329914519e-01
1.302028374542538447e-01
4.743879850200894560e-02
7.175261131045115870e-02
1.349365956912361442e-01
2.182205464658476812e-01
2.650159803379188439e-01
3.240652415352094917e-01
2.407711395647580410e-01
3.492225659524093584e-01
3.883130353051378325e-01
2.353374420898888542e-01
2.457925929345051719e-01
2.197480963259646758e-01
4.276968839703901293e-02
6.953679758865280447e-02
8.004164060877211329e-02
7.531592499755548897e-02
1.129796818409849746e-01
1.748801936090435827e-01
4.756299030313287934e-02
2.764457803156873950e-01
2.986481635379339417e-01
3.681677835962015033e-01
3.531449435499116607e-01
3.176394377098679112e-01
2.388197880486948033e-01
3.610525329680875362e-01
2.433633597131988902e-01
3.570826132421073273e-01
1.933741900686955784e-01
1.332588177160603793e-01
1.422345052667772503e-01
8.458897805531731540e-02
1.855658485713866379e-01
1.503126433442187604e-01
2.654615693760701833e-01
2.991797432358853648e-01
2.850648651843774584e-01
2.593438472853671350e-01
2.101214790229733731e-01
2.364806788850162822e-01
3.010060536439804202e-01
3.024540021319281902e-01
3.278136528434071328e-01
6.816848180763987464e-02
1.974513030913505884e-01
4.041032596912916969e-02
8.784393836720397197e-02
1.365360379088628451e-01
6.437537599049829307e-02
2.899305882345191709e-01
3.892812947685454494e-01
2.999618202850242721e-01
3.723125982152199476e-01
2.917101325495313757e-01
2.066199155298917844e-01
3.827844886392751667e-01
2.180451714907007399e-01
3.628104340517514514e-01
1.692677766580389653e-01
9.119427771964615237e-02
7.245565337272386053e-02
1.623594600027913615e-01
1.461900990761061669e-01
3.395236157088383777e-01
3.062162967201986774e-01
3.333515664962413139e-01
2.937370352774201776e-01
3.859947636577227836e-01
2.785091981892162116e-01
2.563577115092742220e-01
2.308667900727874034e-01
2.797893811904909045e-01
1.798717234991248359e-01
6.304618710498939571e-02
1.635703493724235125e-01
1.327573520492699166e-01
7.706649918336111460e-02
5.203345495941635174e-02
5.700673487478834234e-02
3.339305101331943026e-01
3.308141027617236829e-01
2.526799837303747021e-01
3.587718175424708389e-01
2.783656303438679092e-01
2.476937180920220638e-01
2.656079341246890824e-01
2.889654209874501500e-01
3.698618513779595718e-01
4.648474883616286052e-02
1.547288665539059971e-01
6.907850185057706760e-02
1.536151810998496736e-01
6.412714171904161653e-02
1.453095606245442817e-01
1.728243351012213325e-01
2.294794142185085650e-01
3.003783468261257972e-01
3.084814136067459134e-01
3.755234769701550901e-01
2.411238910219778431e-01
3.053674240451488830e-01
2.715032042438515480e-01
3.516463389538370676e-01
2.120971309523227710e-01
1.960242892858216068e-01
4.201828932207323647e-02
1.057958620640201963e-01
5.123110222929032342e-02
9.034793241640101669e-02
1.894559873581724563e-01
3.384044290033365598e-01
2.265183335749425542e-01
3.308205753081015499e-01
3.843109186565560886e-01
2.696086029707374099e-01
2.113166475382158016e-01
2.093690598380203161e-01
3.255271309685182635e-01
2.131874057861299909e-01
1.206238135210616347e-01
8.652437634561541135e-02
5.168365254246060081e-02
1.016334504216977463e-01
8.557154705043643061e-02
3.090287856818114132e-01
2.891233361915965805e-01
3.530548858219441088e-01
3.497084991314571290e-01
3.543208918697584586e-01
3.965318158078600108e-01
3.522177506220096621e-01
2.394672303567586535e-01
3.868449221896993473e-01
1.539322063029074650e-01
5.567003862127492542e-02
1.585136735495997762e-01
9.973978911145695014e-02
1.680253296585880740e-01
1.760936701356112244e-01
7.528406562148304282e-02
3.234078140929859124e-01
3.351983614979436865e-01
2.701335042168910294e-01
3.625894257366419349e-01
2.249923998407913628e-01
2.564982952034896568e-01
2.377742936136032770e-01
3.852029345300109209e-01
2.145083107398118027e-01
9.444897955139008872e-02
1.196360914427997968e-01
1.217725479203245476e-01
7.728565619431121414e-02
5.954367777943881529e-02
4.176246474618672266e-02
2.683617061193060982e-01
3.480076475468347752e-01
2.236900670829108373e-01
2.728679604170564099e-01
3.243462359475649537e-01
2.786489368513136999e-01
3.219571175984539679e-01
2.046547595973627343e-01
3.290420579950565916e-01
1.684648953031063490e-01
6.778749503626343986e-02
1.453484527989711561e-01
1.479782911730926631e-01
9.948848896561116040e-02
1.696349386101521084e-01
3.996647511847703504e-01
3.529987265628485305e-01
2.063410123919229289e-01
3.529983463259483423e-01
2.811914631521952312e-01
3.861077576985126880e-01
3.007685797638917080e-01
2.954906001641887658e-01
3.106449137514807335e-01
7.419894322936938791e-02
1.261102847310218988e-01
5.062948595644838762e-02
1.130852527883304259e-01
1.210325882729317570e-01
1.976248743884306824e-01
2.618452226668998017e-01
3.476052752689169356e-01
2.779384255655571456e-01
2.022137492841655781e-01
2.168056217781753059e-01
3.556621100020134763e-01
2.387439907871096167e-01
2.391548365976211010e-01
2.948546963041081548e-01
8.712637789342769779e-02
9.711008144006307019e-02
5.907844864817713565e-02
9.692952060617474053e-02
8.303518903308496069e-02
1.920848318382783193e-01
2.372298280479978871e-01
3.072058999764509801e-01
2.134839992483086313e-01
3.925698528656129671e-01
3.059353125827852238e-01
2.822300087440511307e-01
2.653097823856255255e-01
3.850553682558683355e-01
2.321859615171708302e-01
7.557319400974986390e-02
4.754079966619682851e-02
1.536048328575024269e-01
1.959295542198757345e-01
6.580335558883719516e-02
8.391474568885856633e-02
2.708600021544294023e-01
2.925478459747135052e-01
3.513832015317758239e-01
3.886204905530878384e-01
2.716887541547536866e-01
2.926287900238584982e-01
2.274882809387418214e-01
2.480803585148217971e-01
2.033774147449754210e-01
1.372623907546095257e-01
7.908276684093637487e-02
1.970921560473018752e-01
4.015588761606100204e-02
1.062380776202766219e-01
1.770391797525006083e-01
3.373060467539925056e-01
2.754705144356640600e-01
3.507668785321476079e-01
3.960770880531516158e-01
3.970460489076521049e-01
3.775283420854451677e-01
3.429840255249334557e-01
3.318995366526215074e-01
3.214923130923091343e-01
6.564798474774954928e-02
8.753036436006142451e-02
6.351964115749694773e-02
1.690121270052595825e-01
7.592700725800170802e-02
8.998603298901300396e-02
1.581420766133787015e-01
3.178613584370396095e-01
2.604881021059683444e-01
2.446989448381833299e-01
3.189007985788352983e-01
3.282724180409763992e-01
3.233203939248465719e-01
3.819422461632791532e-01
2.120757483547225097e-01
2.638808884503464069e-01
9.924824140531834926e-02
1.857952836443995115e-01
1.638922562618604084e-01
6.720518227113017606e-02
1.169309218382353077e-01
2.945294938008971020e-01
2.737591229430183515e-01
3.911186684430484339e-01
3.123100963989605128e-01
3.773317788241025150e-01
2.733191381273961662e-01
2.715060058657798314e-01
3.690200162650315585e-01
2.393343426760337900e-01
1.072327330780592780e-01
1.393472616021664834e-01
1.167163984881919858e-01
1.696033915202325715e-01
1.277853656878586985e-01
1.946783212260162488e-01
2.234763039484707059e-01
2.563891115097002849e-01
3.543217967341624197e-01
3.748635751293389329e-01
2.865569641781510191e-01
2.815444359970042942e-01
3.587643795329483187e-01
3.226706260234895041e-01
2.999922949573713415e-01
1.911042563751070011e-01
1.079903120599839395e-01
1.411430953260308097e-01
1.025079481079987365e-01
1.410549286023492499e-01
8.741778129595892399e-02
3.286239136348507728e-01
3.443225602177514832e-01
3.004472508815937415e-01
2.315301291054749355e-01
2.025412918308944210e-01
2.606076372529034790e-01
2.407045194284668510e-01
2.190635993027396922e-01
3.852750309081437452e-01
6.629143520009048163e-02
1.769732182233398898e-01
1.817561292864939837e-01
1.076522824079151064e-01
1.698112282756172320e-01
6.668154104214725486e-02
2.043269984396045569e-01
2.737187383497943771e-01
3.361009194364698027e-01
2.979442428313896496e-01
2.863224844134810709e-01
3.910145653721016634e-01
2.364005582892124979e-01
2.008771290297772238e-01
2.116391569049275445e-01
7.187280462947358284e-02
9.548690746430668619e-02
6.046468193985585909e-02
1.672056258737059375e-01
6.640828904972119473e-02
3.559134064904951877e-01
2.070966400105314076e-01
2.606201952204061367e-01
2.098153141511733821e-01
3.338475031008978355e-01
2.396262429162181462e-01
3.591003046623575390e-01
3.220150480722497321e-01
3.707455764997953374e-01
1.333540026065150597e-01
1.152961525481429605e-01
1.900693197694826864e-01
